     0/299     4.74G   0.04696   0.01805   0.01549    0.0805        12       640   0.01583   0.09548  0.008112   0.00134   0.07714   0.01819   0.02059
     1/299     4.78G   0.03977   0.01681   0.01514   0.07173         6       640    0.1575    0.2595   0.09903   0.02401   0.06329   0.01654   0.01844
     2/299     4.78G   0.03414   0.01574   0.01483   0.06471         5       640    0.2429     0.399    0.2369   0.09258    0.0568   0.01452   0.01808
     3/299     4.78G   0.03376   0.01468   0.01456   0.06301         4       640    0.2315    0.5514    0.2723   0.09728   0.05402   0.01395   0.01593
     4/299     4.78G   0.03243   0.01275   0.01363    0.0588         4       640    0.3341    0.5629    0.3264    0.1249   0.05439   0.01367   0.01568
     5/299     4.78G   0.03109   0.01252   0.01284   0.05645         6       640    0.2664    0.4627    0.2312   0.09686   0.05772   0.01228   0.01546
     6/299     4.78G   0.03199   0.01239   0.01293   0.05731         7       640    0.3709    0.4342    0.3311    0.1314   0.06491    0.0114   0.01559
     7/299     4.78G   0.03248   0.01231   0.01221     0.057         8       640    0.2573    0.5017    0.2968     0.136   0.06058   0.01263   0.01542
     8/299     4.78G   0.03062   0.01193   0.01096   0.05351         2       640    0.6211    0.3928     0.476    0.1558   0.06028   0.01173   0.01445
     9/299     4.78G   0.02896    0.0111  0.009999   0.05006         7       640    0.5815     0.637    0.6353    0.3055   0.05728   0.01138   0.01311
    10/299     4.78G   0.03068   0.01079  0.009881   0.05135         5       640     0.538    0.6765    0.6002    0.2631   0.06517  0.009493    0.0126
    11/299     4.78G    0.0292   0.01012  0.009555   0.04888        10       640    0.5659    0.5391    0.5915    0.2843   0.06555  0.008653   0.01269
    12/299     4.78G   0.02814  0.009446  0.009642   0.04723         4       640    0.4761    0.5363    0.5114     0.225   0.06323  0.009405   0.01343
    13/299     4.78G   0.02773    0.0096  0.009123   0.04646         4       640    0.5204    0.5934    0.5042    0.2381   0.06295   0.01002   0.01336
    14/299     4.78G   0.02755   0.01019  0.009208   0.04695         6       640    0.5234    0.6037    0.5268    0.2846   0.06125   0.01032    0.0125
    15/299     4.78G   0.02479  0.009673   0.00818   0.04264         5       640    0.6392     0.596    0.6054    0.3311   0.06104  0.009839   0.01223
    16/299     4.78G   0.02457  0.009801  0.007218   0.04158         4       640    0.6758    0.6611    0.6518     0.408    0.0596  0.009175   0.01195
    17/299     4.78G   0.02083   0.01001  0.008391   0.03924        12       640    0.6674    0.7296    0.6691    0.4364   0.05996  0.008882   0.01193
    18/299     4.78G   0.02029   0.01078  0.007501   0.03858         6       640    0.6584    0.6597    0.6427    0.4055   0.05821  0.008717   0.01174
    19/299     4.78G    0.0192  0.009572   0.00733    0.0361         2       640    0.6916    0.7366    0.7254    0.4525   0.05716  0.008925   0.01143
    20/299     4.78G   0.01867  0.009277  0.006163   0.03411         3       640    0.6355    0.6921    0.6712    0.4419   0.06063  0.009021    0.0123
    21/299     4.78G   0.01784      0.01  0.007217   0.03506         8       640    0.6739    0.6145    0.6595    0.4443   0.05939  0.009485   0.01266
    22/299     4.78G   0.01805  0.009619  0.007255   0.03493         9       640    0.6904     0.657    0.6987    0.4795   0.05377   0.01003   0.01259
    23/299     4.78G   0.01848  0.009551  0.006013   0.03404         8       640     0.668    0.7639    0.7381    0.5238    0.0512   0.01125   0.01075
    24/299     4.78G   0.01726  0.009537  0.007319   0.03412         8       640    0.5483    0.7255    0.6633    0.4126   0.05117   0.01121   0.01079
    25/299     4.78G   0.01906  0.009429  0.005906   0.03439         9       640    0.6377    0.7129     0.682    0.4673    0.0496   0.01022   0.01071
    26/299     4.78G   0.01656  0.009147  0.005803   0.03151        12       640    0.8283    0.6949    0.7921    0.5288   0.05525  0.009165  0.009791
    27/299     4.78G   0.01765  0.008771  0.005962   0.03238         8       640    0.7063    0.6737    0.7654    0.5156   0.05928  0.009219   0.01003
    28/299     4.78G   0.01915  0.009177  0.005111   0.03344        11       640    0.5476    0.7112    0.6622    0.4391   0.05936  0.009811   0.01005
    29/299     4.78G   0.01643  0.008689  0.005875   0.03099         8       640    0.6457    0.7129    0.7675    0.5353   0.06018  0.008306   0.01131
    30/299     4.78G   0.01604  0.009367  0.005527   0.03094         9       640    0.6012    0.5844    0.5781    0.3818   0.05964  0.009548   0.01384
    31/299     4.78G   0.01664  0.009018  0.005648    0.0313         7       640    0.6021    0.8026    0.7272    0.4824    0.0608  0.009497    0.0102
    32/299     4.78G   0.01747  0.009034  0.004716   0.03122         6       640    0.6725    0.7044     0.714    0.4814   0.05999  0.008865   0.01045
    33/299     4.78G   0.01567  0.008676  0.004585   0.02893         7       640    0.7299    0.6806    0.7253    0.4896   0.05883  0.009476  0.009776
    34/299     4.78G   0.01563  0.009031  0.004892   0.02955         6       640    0.7176    0.6383    0.6644    0.4516   0.05878  0.009838   0.01081
    35/299     4.78G   0.01699  0.008447  0.004539   0.02997         4       640    0.6723    0.6614    0.6918    0.4771   0.05784    0.0105   0.01054
    36/299     4.78G   0.01615  0.009249  0.005368   0.03077        12       640    0.7008    0.7176    0.7111    0.5009   0.05963  0.009526  0.009969
    37/299     4.78G     0.015  0.008079  0.004676   0.02775         5       640    0.7198    0.5565    0.6453    0.4244   0.05916  0.009927   0.01307
    38/299     4.78G   0.01609  0.008805  0.005252   0.03015         9       640    0.7107    0.7584    0.7664    0.4947   0.05764  0.009635  0.009082
    39/299     4.78G   0.01451  0.008389  0.004729   0.02763         3       640    0.7101    0.6762    0.7079    0.4554   0.05947  0.009649  0.008987
    40/299     4.78G   0.01513  0.008801  0.005296   0.02923         4       640    0.5678    0.7487    0.6638    0.4316   0.05896    0.0095  0.008858
    41/299     4.78G    0.0156  0.008479   0.00528   0.02935         7       640    0.6362    0.6591    0.6828    0.4538   0.05794   0.01027   0.01032
    42/299     4.78G   0.01574  0.008094    0.0051   0.02893         9       640    0.6587    0.7661    0.7133    0.4973   0.05684  0.009889  0.008947
    43/299     4.78G   0.01468  0.008367  0.003962     0.027         9       640    0.6427    0.6389    0.6794    0.4836    0.0571   0.01062  0.008826
    44/299     4.78G   0.01603   0.00845  0.004045   0.02852         4       640    0.7265    0.6471    0.7064    0.4975   0.05822  0.009818  0.008587
    45/299     4.78G   0.01504  0.008148  0.004161   0.02735         7       640    0.7084    0.6697    0.7002    0.4853   0.05854  0.009802   0.00907
    46/299     4.78G   0.01377  0.008046  0.003816   0.02564         9       640    0.7533    0.6395    0.7508    0.5504   0.05808   0.01003  0.009011
    47/299     4.78G   0.01388  0.007887  0.003332    0.0251         8       640     0.692    0.7338    0.7563    0.5201   0.05285   0.01027  0.009812
    48/299     4.78G   0.01484  0.008729   0.00491   0.02848         9       640    0.7628    0.6839    0.7626    0.5298   0.05294   0.01024   0.00958
    49/299     4.78G   0.01524  0.008632  0.004842   0.02871         5       640    0.5927    0.7637    0.6791    0.4838   0.05203   0.01064  0.009923
    50/299     4.78G    0.0157  0.008445  0.006244   0.03039        12       640    0.6791    0.7666    0.7276    0.4833   0.04902   0.01199   0.01036
    51/299     4.78G     0.016  0.008797  0.005381   0.03018         9       640    0.6697    0.7859    0.7222    0.4671   0.04903   0.01152   0.01079
    52/299     4.78G   0.01453  0.008714  0.004436   0.02768        10       640    0.6712     0.709    0.6774    0.4391   0.04904   0.01113   0.01026
    53/299     4.78G   0.01444  0.008673  0.003816   0.02693         8       640    0.6689    0.7243    0.6672    0.4426   0.04864   0.01164   0.01032
    54/299     4.78G   0.01475  0.008247  0.003922   0.02692         7       640    0.6993    0.7861    0.7335    0.5053   0.04913   0.01144   0.00926
    55/299     4.78G    0.0146  0.008755  0.003366   0.02672         8       640    0.6579    0.7984    0.7218     0.468   0.04944   0.01114  0.008955
    56/299     4.78G   0.01479  0.008806  0.004049   0.02764         6       640    0.5774    0.6285    0.5936    0.4033   0.04992   0.01064   0.01093
    57/299     4.78G    0.0161  0.008183  0.004265   0.02854         8       640    0.6944    0.7346    0.7184    0.5408   0.04872   0.01061  0.008326
    58/299     4.78G   0.01462  0.008496  0.004444   0.02756         6       640    0.5705    0.7147    0.6168    0.3838   0.04954   0.01156  0.009364
    59/299     4.78G   0.01483  0.008891  0.003647   0.02737         9       640    0.7443    0.7651    0.7802    0.5018   0.04731   0.01112  0.008378
    60/299     4.78G    0.0146  0.008514  0.003875   0.02699         4       640    0.6956     0.701     0.724    0.4882   0.04563   0.01159  0.009061
    61/299     4.78G   0.01422  0.008761  0.004409   0.02739         8       640    0.7415    0.7614    0.8017    0.5281   0.04531   0.01159  0.007487
    62/299     4.78G   0.01418  0.008477  0.003832   0.02649         8       640    0.7548    0.7466    0.7526    0.5093   0.04381   0.01255  0.006925
    63/299     4.78G    0.0138  0.008588  0.003226   0.02562         6       640    0.6386    0.6794    0.6657     0.464   0.04468   0.01376  0.008606
    64/299     4.78G   0.01446  0.008376  0.003499   0.02633         7       640    0.7373    0.7783    0.7591    0.5277   0.04365   0.01286  0.008561
    65/299     4.78G   0.01467  0.009192  0.003156   0.02702         9       640    0.6951    0.7299    0.6547    0.4459   0.04357   0.01184   0.01137
    66/299     4.78G   0.01417  0.008454  0.003268   0.02589        15       640    0.6526    0.7844    0.7001    0.4791   0.04347   0.01198   0.01092
    67/299     4.78G   0.01415   0.00826  0.003349   0.02576         9       640    0.7105    0.7359    0.7227     0.514   0.04259   0.01137   0.01064
    68/299     4.78G   0.01509  0.008602  0.003344   0.02704        10       640    0.6611    0.7643    0.7491    0.5409   0.04255   0.01114   0.01149
    69/299     4.78G   0.01353  0.008339  0.002426   0.02429        13       640    0.6545    0.7921    0.7486    0.5343   0.04264    0.0119  0.009197
    70/299     4.78G   0.01308  0.008555  0.002713   0.02435         9       640    0.7653    0.7207    0.7741    0.5608   0.04283   0.01174  0.009566
    71/299     4.78G   0.01511  0.008293  0.002653   0.02605         5       640    0.7694    0.8115     0.819    0.5863   0.04327   0.01169  0.008008
    72/299     4.78G   0.01421  0.008403  0.003743   0.02636         8       640    0.7421    0.7025    0.7019    0.5088   0.04209   0.01174   0.01149
    73/299     4.78G    0.0137  0.007932   0.00279   0.02442         6       640    0.6897    0.7222    0.6841      0.49   0.04241   0.01281   0.01016
    74/299     4.78G   0.01442  0.007936   0.00307   0.02543        15       640    0.7659    0.6938    0.7108    0.5307   0.04213   0.01224   0.01027
    75/299     4.78G   0.01293  0.008056   0.00288   0.02387         5       640    0.7458    0.7374    0.7236    0.5505    0.0411   0.01156   0.01033
    76/299     4.78G   0.01316  0.008165   0.00289   0.02421         7       640    0.7395    0.7345    0.7451    0.5523   0.04133   0.01155  0.009505
    77/299     4.78G   0.01357  0.007981  0.002978   0.02453         7       640    0.7541    0.7685    0.7546    0.5325   0.04082   0.01283  0.008678
    78/299     4.78G   0.01467   0.00813  0.002894    0.0257         9       640    0.7367    0.7851     0.761    0.5449   0.04028   0.01178  0.009481
    79/299     4.78G   0.01277  0.008245  0.002682    0.0237         5       640     0.776    0.6895    0.7499     0.543   0.04053    0.0118   0.00919
    80/299     4.78G    0.0126  0.007607  0.002594   0.02281         3       640    0.6648     0.728    0.6671    0.4736   0.04045   0.01266   0.01197
    81/299     4.78G   0.01255  0.008165  0.002351   0.02306         6       640    0.7952    0.7266    0.7615     0.558   0.04049   0.01255  0.008804
    82/299     4.78G   0.01326  0.007366  0.002746   0.02337         7       640    0.7354    0.7792    0.7724    0.5757   0.04019   0.01202  0.009938
    83/299     4.78G    0.0121   0.00746  0.002177   0.02173         9       640    0.7613     0.784    0.7603    0.5745    0.0398   0.01202  0.009382
    84/299     4.78G   0.01306  0.007985   0.00171   0.02276         8       640     0.747    0.7572    0.7491    0.5197   0.04025   0.01272  0.008387
    85/299     4.78G    0.0115  0.007788  0.002081   0.02137         6       640    0.6883    0.7455    0.7147    0.5195   0.04002   0.01223   0.00923
    86/299     4.78G   0.01257  0.007321  0.002082   0.02197        10       640    0.6584    0.7497    0.6731    0.4841    0.0407   0.01306  0.009163
    87/299     4.78G   0.01198  0.007421  0.002159   0.02156         7       640     0.791     0.775    0.7647    0.5737   0.03966   0.01207   0.00897
    88/299     4.78G   0.01271  0.007921  0.001966    0.0226        17       640    0.6861    0.7585    0.7448    0.5435   0.04035   0.01276  0.008549
    89/299     4.78G    0.0129  0.007521  0.002183   0.02261         7       640    0.7081    0.7768    0.7417    0.5528    0.0401   0.01219  0.008806
    90/299     4.78G   0.01374  0.007519    0.0024   0.02366        14       640    0.7392    0.6858    0.7091    0.5133   0.04083   0.01272   0.01089
    91/299     4.78G   0.01288  0.007368  0.002275   0.02252         5       640    0.7057    0.7895    0.7494    0.5477   0.03989   0.01284   0.00921
    92/299     4.78G   0.01233  0.007335   0.00178   0.02144         9       640    0.7476    0.7605    0.7375    0.5432   0.03983   0.01346   0.00887
    93/299     4.78G   0.01182  0.007227  0.002247    0.0213         5       640    0.6971    0.7409    0.6987    0.5142   0.04034   0.01305    0.0107
    94/299     4.78G   0.01157  0.007378  0.002449    0.0214         5       640    0.7596    0.7787    0.7938    0.5788   0.04095   0.01239  0.008505
    95/299     4.78G   0.01244  0.007265  0.002201   0.02191         5       640    0.6923    0.8072    0.7644    0.5474   0.04015   0.01212   0.01049
    96/299     4.78G   0.01176  0.007125  0.001677   0.02056        10       640    0.7511    0.7889    0.7811    0.5711   0.03888   0.01254  0.009325
    97/299     4.78G   0.01161  0.007242  0.002841    0.0217         5       640    0.6834    0.7485     0.763    0.5663   0.03813   0.01272   0.01247
    98/299     4.78G   0.01199  0.006952  0.002253    0.0212         7       640    0.7663    0.7606      0.81    0.5921    0.0383   0.01195  0.009411
    99/299     4.78G   0.01218  0.007003  0.002456   0.02164         6       640    0.7669    0.7766    0.8116    0.6009   0.03851   0.01268  0.009372
   100/299     4.78G   0.01179  0.007471  0.002243   0.02151         3       640    0.7686      0.67    0.7264    0.4934   0.03916   0.01302   0.00971
   101/299     4.78G   0.01282  0.007613  0.002268    0.0227         9       640    0.7614    0.7714    0.7831    0.5728   0.03904   0.01233  0.009677
   102/299     4.78G   0.01114  0.007394  0.002328   0.02087         5       640    0.7889    0.7451    0.7871    0.5662   0.03863   0.01225  0.009776
   103/299     4.78G   0.01231  0.007249  0.002215   0.02177        10       640    0.7212     0.683    0.6876    0.4651   0.03899   0.01341   0.01183
   104/299     4.78G   0.01272  0.007818  0.003248   0.02378         8       640    0.7385    0.6677    0.6816    0.4828   0.03886   0.01254   0.01202
   105/299     4.78G   0.01236  0.007821  0.002743   0.02292         8       640    0.7444     0.632    0.6802    0.4859   0.03929   0.01283   0.01085
   106/299     4.78G   0.01249  0.007829  0.002869   0.02319        11       640    0.7378    0.6995    0.7166    0.5203   0.03823   0.01244   0.01123
   107/299     4.78G   0.01132  0.007947  0.002336   0.02161         4       640    0.7434    0.7498     0.793    0.5689   0.03819   0.01164  0.008718
   108/299     4.78G   0.01266   0.00801  0.002522    0.0232         8       640    0.7297    0.7055    0.7684    0.5535   0.03824   0.01169  0.008872
   109/299     4.78G   0.01078  0.007628  0.002743   0.02115         4       640    0.6931    0.7813    0.7483    0.5424   0.03733   0.01155  0.009391
   110/299     4.78G   0.01133  0.007625  0.002316   0.02127         7       640    0.6937    0.7998     0.782    0.5812   0.03884   0.01163  0.008386
   111/299     4.78G    0.0121  0.007725  0.002976    0.0228         5       640    0.7295    0.7627     0.735    0.5453   0.03975   0.01189  0.009956
   112/299     4.78G   0.01263   0.00743   0.00261   0.02267         4       640    0.6894    0.7647    0.7212    0.4988    0.0405    0.0132  0.009293
   113/299     4.78G   0.01197  0.007183  0.002552   0.02171         4       640    0.7501    0.7796     0.766    0.5669   0.03782   0.01256   0.01105
   114/299     4.78G   0.01208  0.007525  0.002509   0.02211         6       640    0.7314    0.7685    0.7681    0.5579   0.03872   0.01345  0.009498
   115/299     4.78G   0.01072  0.006651  0.002354   0.01972         4       640    0.7173     0.787    0.7569    0.5464    0.0379    0.0131   0.01029
   116/299     4.78G   0.01143  0.007757  0.002726   0.02192         9       640    0.7273    0.8329    0.7907    0.5575   0.03846     0.013  0.008624
   117/299     4.78G   0.01209  0.006728  0.002077   0.02089         8       640      0.74    0.7768     0.819    0.6175   0.03911   0.01268  0.009615
   118/299     4.78G   0.01251  0.007331  0.002447   0.02229         6       640     0.752    0.7433    0.7762    0.5818    0.0394   0.01239   0.01167
   119/299     4.78G   0.01204  0.007518  0.001948   0.02151         5       640    0.7552    0.7343    0.7482     0.537   0.04119   0.01232   0.01045
   120/299     4.78G   0.01211  0.007135  0.001898   0.02114        12       640    0.7295    0.6792    0.7189    0.5021   0.04126   0.01269   0.01177
   121/299     4.78G   0.01227  0.007339  0.002094    0.0217        12       640    0.7717    0.7733    0.8002    0.5668    0.0409   0.01274  0.009023
   122/299     4.78G   0.01224  0.006939  0.002131   0.02131         7       640    0.8229    0.6658    0.7621    0.5551   0.04058   0.01252  0.009356
   123/299     4.78G   0.01186  0.006665  0.002336   0.02086         3       640    0.7801     0.786    0.8109    0.6105   0.03858    0.0125  0.008666
   124/299     4.78G   0.01181  0.007172  0.001974   0.02096         4       640    0.7233    0.8389    0.7971    0.5995    0.0374   0.01298  0.007733
   125/299     4.78G   0.01192  0.007185     0.002   0.02111        10       640     0.686    0.7625    0.7373    0.5394   0.03782   0.01375  0.008209
   126/299     4.78G    0.0112  0.007415  0.001992   0.02061        15       640    0.7442    0.7585    0.7828    0.5675   0.03829   0.01326  0.007603
   127/299     4.78G   0.01179  0.007627  0.002049   0.02146         6       640    0.7247    0.7327    0.7414    0.5495    0.0387   0.01323  0.008852
   128/299     4.78G   0.01236  0.007524  0.002983   0.02287         8       640    0.7842    0.7049     0.769     0.562   0.03833   0.01381  0.008373
   129/299     4.78G   0.01132  0.007118  0.002034   0.02047        10       640    0.6951    0.8055    0.7786    0.5887   0.03756   0.01348  0.008893
   130/299     4.78G   0.01183  0.007379   0.00253   0.02174         8       640    0.7138    0.7162    0.7621    0.5775    0.0377   0.01322  0.009019
   131/299     4.78G   0.01116  0.007201  0.001936    0.0203         3       640    0.7465    0.7298    0.7497    0.5651   0.03726   0.01284  0.008012
   132/299     4.78G   0.01193  0.006942  0.002682   0.02156         4       640     0.747    0.7662    0.7673     0.573   0.03767   0.01251  0.008009
   133/299     4.78G   0.01196  0.006781  0.002471   0.02121        12       640    0.7558    0.6866    0.7675    0.5621   0.03827   0.01336  0.009151
   134/299     4.78G   0.01342  0.007435  0.002231   0.02309        12       640    0.8052    0.7074    0.7864     0.572    0.0382   0.01339  0.006925
   135/299     4.78G   0.01145  0.007338  0.002305   0.02109         6       640    0.8048    0.7796     0.845    0.6031   0.03775   0.01355  0.006717
   136/299     4.78G   0.01109  0.007462  0.002941   0.02149         6       640    0.8212    0.6936     0.816     0.582   0.03777   0.01334  0.007092
   137/299     4.78G   0.01248  0.007656  0.002059   0.02219         6       640    0.6753    0.7237    0.7334    0.4882   0.04017   0.01411  0.008513
   138/299     4.78G   0.01238  0.007481  0.003026   0.02289        12       640    0.7406    0.7406     0.762    0.5265   0.04118   0.01377  0.007717
   139/299     4.78G   0.01345  0.007426  0.002453   0.02333         8       640    0.6868      0.76    0.7557    0.5267   0.04012   0.01334  0.008359
   140/299     4.78G   0.01128  0.007425  0.002069   0.02077        11       640    0.7449    0.6751    0.7731    0.5505   0.04085   0.01323  0.009236
   141/299     4.78G   0.01142  0.007463  0.002039   0.02092         6       640    0.7214    0.6888    0.7238    0.5081   0.04033   0.01366  0.009274
   142/299     4.78G    0.0121  0.007171  0.001812   0.02108         5       640     0.773    0.7054    0.7634    0.5428   0.03978   0.01348  0.008677
   143/299     4.78G   0.01088   0.00689  0.001948   0.01972         9       640    0.6642    0.7647    0.7245    0.5323   0.04026   0.01377   0.01017
   144/299     4.78G   0.01052  0.006945  0.001925   0.01939         9       640    0.7212    0.7191    0.7506    0.5565   0.03942    0.0132   0.01078
   145/299     4.78G   0.01068  0.007061  0.001768   0.01951         7       640    0.7597     0.698    0.7403     0.526   0.03919   0.01386  0.009443
   146/299     4.78G    0.0112  0.007057  0.001869   0.02012         5       640    0.6372    0.7494    0.7258    0.5215   0.03993   0.01393   0.01191
   147/299     4.78G   0.01052  0.006913  0.001621   0.01906         9       640    0.6466    0.7185    0.7206    0.5001    0.0406   0.01446   0.01284
   148/299     4.78G   0.01198  0.006806  0.002139   0.02093        11       640    0.7448    0.8078    0.7761    0.5749    0.0396   0.01347  0.006713
   149/299     4.78G   0.01122  0.006778  0.002293   0.02029         8       640    0.6687    0.8019    0.7365    0.5373   0.04065   0.01425   0.01027
   150/299     4.78G   0.01164  0.007131  0.001676   0.02045        11       640    0.7494    0.7494    0.7444    0.5432   0.03997   0.01323  0.008664
   151/299     4.78G   0.01022  0.006892  0.001662   0.01878         8       640    0.7204    0.8132      0.78    0.5615   0.03967   0.01333  0.007834
   152/299     4.78G   0.01017  0.006765   0.00126    0.0182         5       640    0.7166    0.7889     0.774    0.5581   0.03943   0.01326  0.008662
   153/299     4.78G   0.01153  0.006509   0.00171   0.01975         7       640    0.7437    0.7799    0.7706    0.5688   0.03937   0.01296  0.008903
   154/299     4.78G   0.01032  0.006673  0.001748   0.01874         8       640    0.7096    0.8209    0.7585    0.5446   0.03934   0.01302  0.008358
   155/299     4.78G   0.01015  0.006689  0.001433   0.01828         4       640    0.7415    0.7543    0.7776    0.5627   0.03971   0.01344  0.007786
   156/299     4.78G   0.01053   0.00657    0.0013    0.0184        10       640      0.71    0.7839    0.7612     0.555   0.03956   0.01305  0.009464
   157/299     4.78G   0.01127  0.006485  0.001747    0.0195         8       640    0.6982    0.8068    0.7588    0.5526   0.03946   0.01266  0.009006
   158/299     4.78G   0.01174   0.00671  0.001691   0.02014         9       640      0.75    0.8125    0.7657    0.5434   0.03933    0.0127  0.008506
   159/299     4.78G   0.01007   0.00624  0.001273   0.01759         5       640    0.7516    0.7536    0.7599    0.5456   0.03921   0.01323  0.008665
   160/299     4.78G    0.0102  0.006362  0.001387   0.01795         5       640    0.7284    0.7334    0.7643    0.5464    0.0396   0.01365  0.008833
   161/299     4.78G   0.00958  0.006411  0.001071   0.01706         6       640    0.7152    0.7655    0.7585    0.5383   0.03966   0.01365  0.009098
   162/299     4.78G  0.009861  0.006662  0.001043   0.01757         3       640     0.691    0.8036    0.7539    0.5541   0.03932   0.01346   0.01015
   163/299     4.78G  0.009296  0.005987  0.001199   0.01648         7       640    0.7202     0.789    0.7888    0.5763   0.03905   0.01315  0.009088
   164/299     4.78G   0.01147  0.006297  0.001236   0.01901         6       640    0.7469    0.7927    0.7973    0.5719   0.03938   0.01325   0.00938
   165/299     4.78G  0.009714  0.006347  0.001087   0.01715         6       640    0.7797      0.77    0.8006    0.5802   0.03969   0.01303  0.008665
   166/299     4.78G  0.009509  0.006442  0.001262   0.01721        19       640      0.75     0.786    0.7706    0.5719   0.03991   0.01308  0.008346
   167/299     4.78G  0.009804  0.006342  0.001257    0.0174         5       640     0.733    0.8027     0.789    0.5935   0.03986   0.01275  0.008074
   168/299     4.78G  0.009902  0.006333   0.00121   0.01745         7       640    0.7223    0.8124    0.8333    0.6327   0.04005   0.01271   0.00742
   169/299     4.78G   0.01073  0.005947  0.001398   0.01808         2       640    0.7808    0.7541    0.7935    0.5948    0.0401   0.01339  0.007779
   170/299     4.78G    0.0106  0.006107   0.00152   0.01823         4       640    0.7488    0.7751    0.7988    0.5902   0.03966   0.01348  0.007693
   171/299     4.78G  0.009842  0.005763   0.00125   0.01686         9       640    0.6995    0.8494    0.7733    0.5759   0.03919   0.01283  0.008094
   172/299     4.78G   0.01035  0.006695  0.001332   0.01838         6       640      0.75    0.7878    0.7632    0.5635   0.03943   0.01339  0.008168
   173/299     4.78G  0.009838  0.006558  0.001147   0.01754        10       640    0.7898    0.7387    0.7607    0.5388   0.03914   0.01374  0.008382
   174/299     4.78G   0.01005   0.00624  0.002035   0.01832         4       640     0.788    0.7837    0.8113    0.5764   0.03912   0.01334    0.0083
   175/299     4.78G  0.009856  0.006267  0.001694   0.01782         8       640    0.7641    0.8232    0.8255    0.5749   0.03898   0.01293  0.008057
   176/299     4.78G   0.01009  0.006414  0.001629   0.01813        10       640    0.7579    0.8005    0.7811    0.5393   0.03922   0.01274  0.009472
   177/299     4.78G   0.01058  0.006748  0.001604   0.01893         9       640    0.7118    0.7739    0.7526    0.5335   0.03938   0.01365   0.01066
   178/299     4.78G  0.009437  0.005986  0.001185   0.01661         5       640    0.7016    0.8112    0.7841    0.5563   0.03968   0.01361  0.009014
   179/299     4.78G   0.00944  0.006372  0.001341   0.01715         9       640    0.7454    0.7829    0.7782    0.5436   0.03991   0.01403  0.009583
   180/299     4.78G    0.0112  0.006472  0.001551   0.01922         2       640    0.7869    0.7359    0.7516    0.5263    0.0398   0.01401  0.009669
   181/299     4.78G  0.009477  0.005874  0.001214   0.01657         4       640    0.7286    0.7936    0.7505    0.5428   0.03939   0.01401  0.008984
   182/299     4.78G   0.01009  0.006592   0.00112   0.01781         3       640    0.7695    0.7614    0.7929    0.5771   0.03928   0.01431  0.008318
   183/299     4.78G  0.009593    0.0061  0.001147   0.01684         8       640    0.8039    0.7602    0.8002    0.5812   0.03961   0.01433  0.007833
   184/299     4.78G  0.008959   0.00577 0.0009982   0.01573         8       640    0.7716     0.762    0.7916    0.5778   0.03915   0.01421  0.008635
   185/299     4.78G  0.009028  0.006165  0.001153   0.01635         5       640    0.7405    0.7946    0.7804    0.5718   0.03907   0.01399  0.008943
   186/299     4.78G  0.009794  0.006411  0.001126   0.01733         5       640    0.7552    0.7748    0.7868    0.5677   0.03941   0.01413  0.008336
   187/299     4.78G  0.009914  0.005859  0.001367   0.01714         4       640    0.7424    0.7824    0.7652    0.5547   0.03976   0.01438  0.009542
   188/299     4.78G   0.01122  0.006269  0.001527   0.01902        10       640    0.6944    0.8254    0.7818    0.5655   0.03955     0.014  0.007788
   189/299     4.78G  0.009214  0.006161  0.001271   0.01665         1       640    0.7163    0.7899     0.787    0.5741   0.03957   0.01379  0.007469
   190/299     4.78G  0.009686   0.00628  0.001432    0.0174         5       640    0.7289    0.7815    0.7869    0.5867   0.03998   0.01387  0.007558
   191/299     4.78G  0.009105  0.005802 0.0009728   0.01588         9       640    0.7812     0.751    0.8019    0.6098   0.04011   0.01384  0.007492
   192/299     4.78G  0.009685  0.006018  0.001148   0.01685        11       640    0.7597    0.7667    0.7997    0.6109   0.03976   0.01352  0.008124
   193/299     4.78G  0.009559  0.005661  0.001171   0.01639         9       640    0.6861    0.8235    0.7756    0.5936    0.0392   0.01359  0.008827
   194/299     4.78G  0.008459  0.005844 0.0009237   0.01523         6       640     0.709    0.8193    0.8031     0.611   0.03878   0.01347  0.009013
   195/299     4.78G   0.00888  0.005768  0.001089   0.01574         8       640    0.8047    0.7526    0.7986     0.615   0.03872   0.01349  0.008745
   196/299     4.78G   0.01006  0.005983 0.0009521     0.017         5       640    0.7443    0.7405    0.7782    0.5901   0.03889   0.01389   0.01003
   197/299     4.78G  0.008885  0.005492 0.0008473   0.01522        11       640    0.6966    0.7677    0.7694    0.5895   0.03899   0.01382   0.01093
   198/299     4.78G  0.008454   0.00544 0.0008698   0.01476         2       640    0.6711    0.7994    0.7588    0.5755    0.0397   0.01405   0.01063
   199/299     4.78G  0.008546  0.005785 0.0007479   0.01508         4       640     0.752    0.7297    0.7574    0.5776   0.03968   0.01409  0.009603
   200/299     4.78G  0.009365  0.005748  0.001319   0.01643         5       640     0.671    0.8125    0.7327    0.5482   0.03961     0.014   0.01109
   201/299     4.78G  0.008697  0.005921  0.001045   0.01566        11       640    0.6703    0.8109    0.7361    0.5569   0.03965   0.01376   0.01219
   202/299     4.78G  0.009176  0.005641  0.001075   0.01589        14       640    0.7412    0.7692    0.7698    0.5845   0.04009   0.01358   0.01098
   203/299     4.78G  0.008442  0.005389 0.0007121   0.01454         6       640    0.7522    0.7756    0.7971    0.6066    0.0397   0.01348   0.01011
   204/299     4.78G  0.009819  0.005588  0.001085   0.01649         7       640    0.7397    0.7908     0.802    0.6234    0.0394   0.01367  0.009619
   205/299     4.78G  0.009665  0.005677  0.001096   0.01644         6       640    0.7166    0.7896    0.7825     0.605   0.03923    0.0137  0.009824
   206/299     4.78G  0.008952  0.005935 0.0007894   0.01568         9       640    0.7542    0.7694     0.783    0.5993   0.03937   0.01388  0.009075
   207/299     4.78G  0.009674  0.005294  0.001139   0.01611         3       640    0.7639     0.778    0.8063    0.5994   0.03935   0.01424  0.009104
   208/299     4.78G  0.009042  0.005584 0.0007826   0.01541        14       640    0.7238    0.8224    0.7962    0.5901   0.03941   0.01463  0.008228
   209/299     4.78G  0.009581  0.005378  0.001376   0.01633         6       640    0.7815    0.7314    0.7824    0.5736   0.03965   0.01433  0.007782
   210/299     4.78G  0.008936  0.005581  0.001242   0.01576         6       640    0.7553    0.7807    0.7793    0.5739   0.03978   0.01383  0.008855
   211/299     4.78G   0.01054  0.005731 0.0008542   0.01713         5       640     0.807    0.7264    0.7844    0.5762   0.03975   0.01384  0.009229
   212/299     4.78G  0.009012  0.005433  0.001686   0.01613        12       640    0.7647    0.8075    0.7874    0.5751   0.03976    0.0144  0.008843
   213/299     4.78G  0.008965  0.005787 0.0008283   0.01558         9       640    0.7877    0.7932    0.8059    0.5931   0.03967   0.01427  0.009156
   214/299     4.78G  0.009571  0.005532  0.001022   0.01612         7       640    0.7842    0.7884    0.7814    0.5878   0.03946   0.01485  0.008192
   215/299     4.78G  0.008969  0.005417   0.00119   0.01558         5       640    0.7582    0.8268    0.8027    0.5985   0.03897   0.01425  0.009013
   216/299     4.78G   0.01045  0.005761  0.001536   0.01774         5       640    0.7768    0.7861    0.7964    0.5988   0.03836   0.01389  0.009621
   217/299     4.78G  0.009371  0.005979  0.001156   0.01651         4       640    0.7884    0.7596    0.8008     0.603   0.03835   0.01367  0.008669
   218/299     4.78G  0.009212  0.005918  0.001203   0.01633        10       640     0.816    0.7693    0.8191    0.6132   0.03681   0.01343  0.007204
   219/299     4.78G  0.008285  0.005859  0.001271   0.01542         3       640     0.772    0.7708    0.8055     0.608   0.03539   0.01375  0.008538
   220/299     4.78G  0.008481   0.00546 0.0009712   0.01491         8       640    0.7728     0.705    0.7757    0.6007   0.03656   0.01411  0.009991
   221/299     4.78G  0.008449  0.005653  0.001187   0.01529        11       640    0.6815    0.8204    0.7887    0.6054    0.0368   0.01429   0.00941
   222/299     4.78G  0.009087  0.005777  0.001057   0.01592         8       640    0.6903    0.8588    0.8101    0.6143   0.03608   0.01441   0.00826
   223/299     4.78G   0.01048  0.005623  0.001082   0.01719         5       640    0.7588    0.7537     0.798    0.5997   0.03626   0.01426  0.008361
   224/299     4.78G  0.009285  0.006107  0.001083   0.01648         6       640    0.7996    0.7251    0.7954    0.5959   0.03668   0.01427  0.007564
   225/299     4.78G  0.009571  0.005928  0.001474   0.01697         4       640    0.8141    0.7025    0.7782     0.588   0.03708   0.01455  0.007437
   226/299     4.78G  0.008923  0.005869 0.0009444   0.01574         5       640    0.7843    0.7332    0.7926    0.6048   0.03729   0.01445  0.007645
   227/299     4.78G   0.01081  0.006059  0.001401   0.01827         9       640    0.7087    0.8228    0.8094    0.6198   0.03704   0.01431  0.007286
   228/299     4.78G   0.01088  0.005715  0.001234   0.01783         6       640    0.7413    0.8042    0.8229    0.6212   0.03682    0.0142  0.006966
   229/299     4.78G  0.009661   0.00568 0.0009377   0.01628        11       640    0.7741    0.8042    0.8402    0.6318   0.03664   0.01421  0.006336
   230/299     4.78G   0.01031  0.005691  0.001051   0.01705         3       640    0.8342    0.7466     0.836    0.6353   0.03688   0.01431     0.006
   231/299     4.78G  0.008723  0.005719 0.0008092   0.01525         9       640    0.8172    0.7313    0.8233    0.6215   0.03736   0.01439  0.006418
   232/299     4.78G  0.009289   0.00543  0.000633   0.01535        13       640    0.8036    0.7711    0.8319    0.6284    0.0369   0.01447  0.006201
   233/299     4.78G  0.008984  0.005442 0.0008961   0.01532         8       640    0.7671    0.8025    0.8418     0.637   0.03679   0.01443  0.006466
   234/299     4.78G  0.008524  0.005909 0.0007491   0.01518        17       640    0.8124    0.7519    0.8371    0.6428   0.03671   0.01461  0.006899
   235/299     4.78G  0.008354  0.005161 0.0005609   0.01408        10       640    0.8122    0.7494    0.8268    0.6239   0.03682    0.0145  0.006956
   236/299     4.78G  0.008141  0.005279 0.0005893   0.01401         9       640    0.8054    0.7668    0.8122    0.6125   0.03698   0.01455  0.006994
   237/299     4.78G  0.009433  0.005429 0.0007107   0.01557        10       640     0.824    0.7433    0.8006    0.5983   0.03697   0.01441    0.0076
   238/299     4.78G  0.008726   0.00547  0.001066   0.01526         7       640    0.8227    0.7243     0.811    0.6091   0.03669   0.01453  0.007717
   239/299     4.78G  0.009115  0.005472  0.001269   0.01586         6       640    0.7947    0.7612    0.8206    0.6201   0.03658   0.01404  0.007092
   240/299     4.78G  0.008346  0.005309 0.0007412    0.0144         8       640     0.826    0.7368    0.8249    0.6128   0.03648   0.01407  0.006563
   241/299     4.78G  0.007928  0.005597 0.0005071   0.01403         9       640    0.7269    0.7976    0.8151    0.6087    0.0366   0.01412  0.007324
   242/299     4.78G  0.007506  0.005281 0.0008432   0.01363         5       640    0.7913    0.7357     0.796    0.5895   0.03654   0.01405  0.008256
   243/299     4.78G  0.008866  0.005732 0.0008933   0.01549         9       640    0.7817    0.7464    0.8035    0.5969   0.03657    0.0141  0.008416
   244/299     4.78G   0.00849  0.005391 0.0007402   0.01462         5       640    0.7599     0.788    0.8074    0.6106   0.03671   0.01396  0.008392
   245/299     4.78G  0.007865   0.00556 0.0007988   0.01422         3       640     0.723    0.8344    0.8191    0.6188   0.03675   0.01403  0.007646
   246/299     4.78G  0.008584  0.005107 0.0008942   0.01459         3       640     0.724    0.8269    0.8121    0.6145   0.03707   0.01422  0.007375
   247/299     4.78G  0.008586  0.005189 0.0009935   0.01477         6       640    0.7435    0.7906    0.7989      0.59   0.03736   0.01443  0.007662
   248/299     4.78G  0.009049  0.005319  0.001128    0.0155        10       640    0.7439    0.7719    0.7851    0.5736   0.03769   0.01467  0.008084
   249/299     4.78G  0.008932  0.005631 0.0007827   0.01535         9       640    0.6867     0.802    0.7783    0.5781   0.03697   0.01454  0.008711
   250/299     4.78G  0.007944  0.005163 0.0006226   0.01373         6       640     0.734    0.7632    0.7835    0.5815   0.03698   0.01472  0.008952
   251/299     4.78G  0.009036  0.005414 0.0007053   0.01516         6       640    0.7572    0.7705    0.7844    0.5881   0.03708   0.01475  0.008786
   252/299     4.78G  0.008662  0.005364 0.0006017   0.01463        10       640    0.7676    0.7859    0.7935    0.6012   0.03694   0.01467  0.008291
   253/299     4.78G  0.009542  0.005092 0.0009295   0.01556        11       640    0.7561    0.7947    0.8087    0.6099   0.03666   0.01432  0.007857
   254/299     4.78G  0.009023  0.005112 0.0007728   0.01491         8       640    0.7142    0.8242    0.8052    0.6021   0.03666   0.01435  0.007843
   255/299     4.78G  0.008439  0.005082 0.0005717   0.01409         7       640    0.6971    0.8482    0.8119    0.6076   0.03666   0.01448  0.007745
   256/299     4.78G   0.00854  0.005555 0.0005295   0.01462        14       640    0.7418    0.8041    0.8213     0.617   0.03683   0.01475  0.008547
   257/299     4.78G  0.008029  0.004683 0.0005716   0.01328         7       640    0.7696    0.7875    0.8181    0.6177   0.03681   0.01478  0.008684
   258/299     4.78G  0.009276  0.005203 0.0008409   0.01532         8       640    0.7603    0.7828    0.8146    0.6207   0.03691   0.01481  0.008805
   259/299     4.78G  0.008209  0.004896 0.0007797   0.01388         6       640    0.7534    0.8015    0.8104     0.616   0.03704   0.01495   0.00867
   260/299     4.78G  0.007796  0.005699 0.0004911   0.01399        10       640    0.7621    0.8013    0.8062    0.6186   0.03677   0.01472  0.008592
   261/299     4.78G  0.009288  0.005177 0.0008218   0.01529        10       640    0.7713    0.8071    0.8049    0.6168   0.03646   0.01448   0.00835
   262/299     4.78G  0.008634  0.005308  0.000643   0.01458         5       640    0.7772    0.8178    0.8083     0.619   0.03655    0.0145  0.008396
   263/299     4.78G  0.009049  0.004715 0.0005059   0.01427         9       640    0.7911    0.8087    0.8172    0.6264   0.03647   0.01442  0.008123
   264/299     4.78G   0.00788  0.005323 0.0006968    0.0139         4       640    0.8395    0.7741    0.8213    0.6303   0.03627   0.01447  0.008017
   265/299     4.78G  0.007841  0.005265 0.0006646   0.01377         5       640    0.8512    0.7695    0.8293    0.6373   0.03601   0.01451  0.007701
   266/299     4.78G  0.008425  0.005146 0.0005382   0.01411        10       640    0.8456    0.7816    0.8312    0.6427   0.03608   0.01455  0.007557
   267/299     4.78G  0.008788   0.00521 0.0005587   0.01456         6       640    0.8347    0.7741    0.8233    0.6346   0.03623   0.01443  0.007949
   268/299     4.78G  0.007661  0.005173 0.0004891   0.01332        11       640    0.8349     0.762    0.8219      0.63   0.03627    0.0144  0.008823
   269/299     4.78G   0.01042  0.005198  0.001037   0.01666         2       640    0.7404     0.823    0.8141     0.623   0.03653   0.01432  0.009651
   270/299     4.78G  0.008352  0.005187 0.0009885   0.01453         6       640    0.8015    0.7903    0.8276    0.6245    0.0367   0.01542  0.008428
   271/299     4.78G  0.008107  0.005353  0.001314   0.01477         4       640    0.8094    0.7797    0.8266    0.6185    0.0365   0.01561  0.008674
   272/299     4.78G  0.008658  0.005245 0.0008274   0.01473         8       640    0.7341    0.8088    0.8163     0.616   0.03635   0.01553   0.00857
   273/299     4.78G    0.0081  0.005195  0.000943   0.01424         8       640    0.7814    0.7555    0.8054    0.6051   0.03565   0.01533  0.008652
   274/299     4.78G  0.007873  0.005574 0.0008817   0.01433         9       640    0.7911     0.769    0.7972    0.6063   0.03556   0.01479  0.008519
   275/299     4.78G  0.008475  0.005148 0.0009707   0.01459         5       640    0.7986    0.7708    0.8014    0.6033   0.03587   0.01479  0.008025
   276/299     4.78G  0.008399  0.005527 0.0007367   0.01466         9       640    0.8179    0.7588    0.8037    0.6053   0.03595    0.0148  0.007989
   277/299     4.78G   0.00929  0.005461 0.0009676   0.01572         5       640    0.7905    0.8011    0.8135    0.6093   0.03603   0.01482  0.007696
   278/299     4.78G   0.00722  0.005198 0.0009864    0.0134         6       640    0.8044    0.7882     0.813    0.6054   0.03596   0.01476  0.008108
   279/299     4.78G  0.008305  0.005415 0.0005855   0.01431         7       640    0.7944    0.7742     0.806     0.599   0.03598   0.01473  0.008536
   280/299     4.78G  0.007561  0.005169  0.000531   0.01326        15       640    0.7462    0.8127     0.796    0.5841   0.03607   0.01478  0.009223
   281/299     4.78G  0.007991  0.005244  0.000501   0.01374         6       640    0.7998    0.7388     0.792    0.5796   0.03604   0.01476  0.009345
   282/299     4.78G   0.00746  0.004979 0.0007655    0.0132         5       640    0.7294    0.8104    0.7908    0.5782   0.03631   0.01473  0.009235
   283/299     4.78G   0.00772  0.005148 0.0005763   0.01344         6       640    0.7563    0.7954     0.793    0.5827   0.03621    0.0147   0.00877
   284/299     4.78G  0.008238  0.005157 0.0006529   0.01405         9       640     0.777    0.7884     0.792    0.5806   0.03608   0.01475  0.008082
   285/299     4.78G  0.008156  0.004905 0.0004677   0.01353         7       640    0.7676    0.7998     0.788     0.588   0.03595   0.01464  0.007897
   286/299     4.78G  0.008553  0.005366 0.0007081   0.01463         6       640    0.7934    0.7889    0.7985    0.5859   0.03607   0.01474  0.008055
   287/299     4.78G  0.008597  0.005129 0.0004785    0.0142        16       640    0.7611    0.7972    0.7861    0.5835   0.03599    0.0147    0.0084
   288/299     4.78G  0.007589   0.00519 0.0004145   0.01319         2       640    0.7577     0.779    0.7741    0.5798   0.03583   0.01444  0.009009
   289/299     4.78G  0.008015  0.004718 0.0006538   0.01339         7       640    0.7327    0.7656    0.7657    0.5739   0.03596   0.01449  0.009673
   290/299     4.78G  0.007469  0.005394 0.0005908   0.01345         8       640    0.7362    0.7781    0.7705    0.5804   0.03574   0.01441   0.00959
   291/299     4.78G  0.007845  0.005078 0.0005283   0.01345        11       640    0.7525    0.8052    0.7841    0.5927   0.03564   0.01434  0.009068
   292/299     4.78G  0.008446  0.004829 0.0006788   0.01395        10       640     0.757     0.812    0.7922    0.5927   0.03562   0.01431  0.008839
   293/299     4.78G  0.008446  0.004926   0.00074   0.01411         5       640    0.7707    0.7985    0.7953    0.5956   0.03562   0.01445  0.009057
   294/299     4.78G  0.009079  0.005355 0.0009294   0.01536        10       640    0.7426    0.8036    0.7908    0.6017   0.03559   0.01447  0.008787
   295/299     4.78G  0.009847  0.005075 0.0008818    0.0158         6       640    0.7498    0.7908     0.795    0.6073    0.0356   0.01446  0.008376
   296/299     4.78G  0.009214  0.004708 0.0007129   0.01463         7       640    0.7981    0.7381    0.7948    0.5977   0.03568   0.01446  0.008203
   297/299     4.78G  0.007474  0.004823 0.0006031    0.0129        11       640    0.7837    0.7374    0.7889    0.5932   0.03594   0.01445  0.008415
   298/299     4.78G  0.008102  0.005075 0.0004306   0.01361         4       640    0.7453    0.7929    0.7867    0.5917   0.03606   0.01444  0.008601
   299/299     4.78G  0.007923  0.004925 0.0005138   0.01336         6       640    0.7761    0.7753    0.7921    0.5843   0.03602   0.01451  0.008481
